234
0	1	48
0	2	33
0	3	28
0	4	24
0	5	1
0	6	1
0	7	4
0	13	1
0	14	2
0	23	3
1	2	82
1	3	79
1	4	110
1	5	2
1	6	1
1	7	1
1	14	2
1	29	1
1	30	1
1	36	1
1	37	2
1	48	1
2	3	64
2	4	74
2	5	6
2	6	2
2	7	5
2	8	1
2	13	2
2	30	1
3	4	35
3	5	1
3	6	4
3	7	3
3	13	1
3	30	1
4	5	1
4	6	1
4	7	5
4	8	1
4	11	1
4	14	1
4	18	1
4	26	1
4	28	1
4	30	2
4	48	1
4	77	2
4	78	1
4	79	1
5	6	40
5	7	29
5	13	6
5	14	7
6	7	40
6	8	1
6	13	6
6	14	2
7	13	3
7	14	2
7	15	1
9	10	43
10	28	1
10	43	21
10	55	48
10	56	2
10	57	1
10	73	3
11	12	66
11	14	1
11	16	1
11	21	1
11	22	1
11	25	1
11	28	1
11	35	1
11	36	1
12	22	1
13	14	33
16	17	28
16	18	63
16	25	1
16	26	1
16	28	1
16	33	1
16	34	1
16	36	1
16	39	1
17	18	36
17	28	2
17	34	1
17	47	1
18	26	1
18	39	1
19	20	90
19	21	17
19	22	54
19	24	2
19	25	2
19	26	1
19	28	2
19	30	1
19	36	1
19	37	9
19	38	3
19	50	1
20	21	34
20	22	69
20	24	1
20	25	4
20	27	1
20	28	2
20	30	1
20	35	1
20	36	3
20	37	6
20	50	1
21	22	28
21	25	1
21	50	1
22	26	2
22	28	3
22	36	3
22	37	2
22	50	1
22	56	1
24	25	41
24	27	3
24	29	34
24	30	17
24	31	12
24	40	1
25	27	6
25	28	1
25	29	56
25	30	47
25	31	8
25	51	1
26	27	2
26	28	52
26	33	2
26	35	1
26	36	3
26	37	5
26	38	4
26	40	1
27	28	1
27	29	7
27	30	7
27	31	8
27	40	1
27	42	1
28	30	1
28	32	5
28	33	2
28	35	1
28	36	6
28	37	11
28	38	11
28	44	1
28	47	1
28	48	1
28	49	1
28	55	2
28	56	42
28	57	57
28	58	3
28	61	2
28	63	1
28	75	1
28	80	1
28	83	1
28	89	2
28	90	1
28	97	1
28	98	1
28	99	1
28	100	1
29	30	50
29	31	10
29	59	1
30	31	12
30	36	2
30	37	1
31	34	1
32	33	19
32	37	1
32	48	2
33	48	1
33	50	1
33	51	1
34	35	65
36	37	55
36	38	16
36	41	1
36	49	1
37	38	22
37	39	1
37	40	1
37	41	1
37	50	1
37	51	1
37	54	1
38	39	1
38	48	1
38	49	1
39	41	31
40	42	18
41	42	1
42	49	1
42	68	1
42	118	1
42	120	1
44	45	24
44	46	10
44	51	1
44	53	4
45	46	8
45	50	1
45	53	2
46	48	1
46	49	1
46	50	1
46	53	3
47	48	37
47	50	2
47	58	1
48	50	1
48	54	1
49	50	4
49	51	2
49	52	41
49	56	1
49	68	1
49	79	1
49	80	1
50	51	27
50	52	2
50	54	16
51	54	11
52	77	1
52	79	1
56	57	53
56	85	2
56	87	1
56	93	1
56	94	2
56	98	1
56	101	1
57	61	2
57	80	1
57	82	1
57	83	1
57	87	1
57	90	1
57	91	1
57	94	1
57	95	1
57	98	1
57	99	1
57	100	2
58	64	9
58	65	25
58	97	1
58	100	1
59	60	17
61	62	108
61	63	144
61	87	1
61	101	31
61	108	1
61	109	1
61	131	1
62	63	122
62	101	6
62	106	1
62	107	1
62	125	1
62	140	1
62	145	1
63	101	5
63	107	1
63	109	2
63	125	2
63	126	1
63	127	1
63	145	1
63	146	1
64	65	9
65	67	1
65	68	1
65	70	1
65	71	1
65	100	1
65	101	1
66	67	7
66	68	6
66	69	1
66	70	6
66	71	3
66	74	4
66	75	1
66	76	1
67	68	9
67	69	10
67	70	8
67	71	12
67	74	5
67	76	3
67	90	1
67	95	1
68	69	7
68	70	22
68	71	9
68	74	3
68	75	2
68	77	1
68	78	1
69	70	2
69	71	33
69	72	3
69	74	1
69	75	40
69	76	2
70	71	8
70	72	1
70	75	5
70	78	1
71	72	1
71	74	4
71	75	35
71	76	3
72	74	3
74	75	2
74	78	1
75	83	4
75	84	1
75	85	1
75	86	1
75	99	1
75	113	1
75	116	1
75	129	51
75	131	1
75	134	1
75	135	1
75	136	3
75	145	3
75	146	1
75	150	1
75	152	2
77	78	33
77	79	27
77	80	13
78	79	21
78	80	23
78	90	1
78	94	1
78	97	1
78	103	1
79	80	23
79	81	1
79	82	1
79	84	1
79	91	1
79	94	1
79	95	1
79	115	1
79	128	4
80	91	1
81	82	29
81	83	30
81	84	13
81	87	1
81	104	1
81	120	1
82	83	51
82	84	18
83	84	48
83	93	1
83	99	1
83	119	1
83	130	2
83	131	1
83	134	1
83	136	1
83	142	1
83	144	1
83	146	1
83	149	1
83	156	2
84	86	3
84	101	1
84	104	1
84	120	1
84	124	1
84	133	1
84	142	1
84	146	1
85	86	2
85	87	3
85	88	38
85	89	1
85	90	9
85	91	6
85	92	2
85	93	4
85	94	28
85	95	4
85	96	1
85	97	2
85	98	3
85	99	1
85	100	1
85	128	1
86	87	10
86	88	5
86	90	5
86	91	7
86	92	2
86	93	15
86	94	8
86	95	9
86	96	2
86	97	6
86	98	5
86	99	2
86	119	2
86	120	6
86	152	6
87	88	2
87	89	4
87	90	17
87	91	5
87	93	50
87	94	17
87	95	11
87	96	9
87	97	32
87	98	8
87	99	7
87	100	1
87	107	2
87	109	1
87	111	1
87	120	1
87	127	1
87	157	1
88	89	4
88	90	5
88	91	4
88	92	2
88	93	1
88	94	20
88	95	2
88	97	2
88	98	2
88	99	2
89	91	1
89	94	5
89	95	17
89	96	7
89	97	7
89	98	38
89	99	1
90	91	15
90	92	22
90	93	6
90	94	20
90	95	4
90	96	2
90	97	10
90	98	6
90	99	1
90	106	1
90	108	1
90	119	2
90	120	4
90	121	2
90	124	1
90	129	1
90	140	1
91	92	16
91	93	11
91	94	6
91	95	13
91	96	1
91	97	3
91	98	3
91	99	6
91	109	1
91	140	2
92	94	2
92	97	1
92	98	2
92	99	1
92	120	1
92	121	1
93	94	9
93	95	10
93	96	8
93	97	18
93	98	4
93	99	5
93	111	1
93	120	4
93	126	3
93	154	1
93	156	1
93	157	1
94	95	5
94	96	3
94	97	11
94	98	6
94	99	2
94	102	1
94	104	1
94	105	1
94	110	1
94	120	1
94	128	1
94	147	37
94	149	2
94	150	1
94	165	1
95	96	16
95	97	7
95	98	19
95	99	1
95	109	1
96	97	4
96	98	20
96	99	3
96	107	1
97	98	9
97	99	3
97	100	1
97	110	1
97	111	1
97	115	1
97	118	1
97	119	1
97	120	9
97	150	2
97	155	2
97	157	7
98	99	4
99	118	1
99	120	1
99	140	2
99	149	1
99	152	2
100	131	1
100	160	1
100	164	1
100	168	1
100	170	1
100	177	2
100	178	1
100	182	1
100	184	1
101	106	1
101	139	1
102	103	20
102	107	1
102	127	1
103	110	1
103	127	1
103	129	1
104	105	24
104	107	1
104	118	1
104	125	1
106	107	40
106	108	43
106	109	64
106	110	1
106	111	1
106	116	1
106	118	1
106	126	1
106	127	1
107	108	36
107	109	42
107	110	2
107	111	1
107	116	1
107	117	3
107	120	1
107	121	1
107	125	2
107	134	1
108	109	35
108	117	1
108	124	1
108	125	1
108	126	1
108	134	1
109	111	2
109	116	1
109	120	1
109	125	1
109	130	1
109	136	1
110	111	13
110	112	6
110	113	3
110	114	4
110	115	7
111	112	8
111	113	2
111	114	2
111	115	21
111	122	1
111	126	1
112	113	1
112	115	8
113	114	20
113	115	1
113	129	1
114	125	1
116	117	32
116	118	5
116	119	4
116	121	15
116	122	8
116	123	2
116	124	9
116	125	1
116	126	3
116	127	8
117	118	3
117	119	3
117	120	3
117	121	12
117	122	14
117	123	1
117	124	3
117	125	1
117	126	13
117	127	2
117	128	1
118	119	11
118	120	6
118	121	1
118	122	2
118	123	5
118	124	8
118	125	1
118	126	3
118	127	2
118	128	3
118	134	1
118	136	1
118	153	1
119	120	29
119	121	1
119	122	2
119	123	4
119	124	3
119	125	5
119	126	1
119	128	1
119	149	1
120	121	1
120	122	2
120	123	6
120	124	9
120	125	12
120	126	6
120	130	1
120	131	2
120	141	1
120	154	31
120	155	46
120	156	45
120	157	20
120	159	2
121	122	14
121	123	2
121	124	4
121	125	5
121	126	8
121	127	2
122	123	1
122	124	1
122	125	1
122	126	5
122	127	3
122	128	1
122	135	1
123	124	40
123	125	10
123	126	11
123	127	4
123	128	3
123	134	1
123	135	1
123	139	1
123	141	1
123	143	1
123	146	1
124	125	10
124	126	12
124	127	7
124	128	1
124	139	1
124	141	2
125	126	24
125	127	11
125	128	4
125	140	1
126	127	27
126	128	21
126	131	1
126	134	1
126	135	1
127	128	27
129	135	1
129	136	1
129	143	1
129	152	1
129	155	1
129	156	1
129	157	1
130	131	167
130	132	1
130	133	14
130	134	10
130	135	6
130	136	30
130	138	2
130	139	8
130	140	5
130	141	6
130	142	5
130	143	7
130	144	3
130	145	1
130	146	8
130	156	1
130	176	1
130	182	1
130	187	1
130	188	1
131	132	3
131	133	10
131	134	9
131	135	5
131	136	10
131	137	13
131	138	5
131	139	7
131	140	15
131	141	7
131	142	5
131	143	11
131	144	20
131	145	5
131	146	16
131	153	3
131	156	3
131	157	3
131	162	1
131	163	1
131	164	2
131	165	1
131	169	1
131	172	2
131	181	1
131	183	1
131	189	1
131	193	1
132	133	7
132	134	3
132	135	5
132	136	10
132	137	7
132	138	13
132	139	2
132	140	7
132	142	2
132	143	3
132	144	11
132	145	9
132	146	2
132	149	1
133	134	4
133	135	10
133	136	20
133	138	5
133	139	2
133	140	5
133	141	4
133	142	7
133	143	7
133	144	3
133	145	5
133	146	2
133	153	1
134	135	6
134	136	10
134	138	1
134	140	2
134	141	1
134	142	3
134	143	2
134	144	3
134	145	7
134	146	2
134	159	1
135	136	9
135	137	2
135	138	6
135	139	10
135	140	21
135	141	3
135	142	10
135	143	5
135	144	3
135	145	4
135	146	8
135	154	1
135	156	2
135	157	2
136	137	1
136	139	13
136	140	4
136	141	2
136	142	1
136	143	6
136	144	6
136	145	2
136	146	4
136	148	1
136	149	1
136	153	2
136	155	1
136	157	2
137	138	15
137	139	5
137	140	10
137	141	4
137	142	1
137	143	3
137	144	6
137	145	2
137	207	1
138	139	4
138	140	2
138	141	9
138	142	1
138	143	4
138	144	7
138	145	14
138	146	3
139	140	16
139	141	24
139	142	6
139	143	17
139	144	11
139	145	8
139	146	4
139	148	1
139	149	1
140	141	6
140	142	5
140	143	6
140	144	10
140	145	9
140	146	4
140	152	1
141	142	6
141	143	3
141	144	6
141	145	6
141	146	5
142	143	12
142	144	15
142	145	2
142	146	12
143	144	16
143	145	15
143	146	18
144	145	6
144	146	15
145	146	2
145	148	1
145	152	1
145	153	1
145	154	1
145	155	2
145	156	1
145	157	1
147	148	1
147	149	1
147	154	1
147	155	2
147	165	1
148	149	37
148	150	15
148	153	2
148	158	1
148	173	1
148	174	1
149	150	34
149	157	1
149	161	1
149	167	1
149	168	2
149	172	1
149	173	2
149	174	1
149	175	1
149	176	1
149	177	1
149	178	1
149	179	4
149	180	2
150	152	2
150	160	1
150	173	1
151	152	13
152	156	1
152	159	1
152	160	5
152	164	1
152	165	1
152	168	1
152	170	1
152	171	1
152	183	2
152	184	1
153	154	4
153	155	3
153	156	2
153	158	44
153	179	1
153	189	4
153	190	1
153	198	1
153	199	3
153	203	1
154	155	35
154	156	28
154	157	19
155	156	28
155	157	17
155	164	1
156	157	22
156	160	1
156	181	1
158	189	1
159	160	37
159	182	1
159	184	1
160	172	1
160	173	1
160	181	1
160	182	1
160	184	1
161	162	1
161	163	3
161	166	3
161	167	1
161	168	11
161	169	4
161	170	26
161	171	1
161	172	1
161	174	2
161	175	5
161	176	2
161	177	2
161	178	36
161	179	5
161	184	1
161	186	1
161	193	1
162	163	4
162	166	16
162	167	5
162	168	7
162	169	3
162	170	2
162	171	4
162	172	5
162	174	2
162	175	9
162	176	25
162	177	35
162	178	12
162	179	18
162	182	1
163	166	1
163	168	6
163	169	15
163	170	1
163	171	3
163	172	5
163	176	2
163	177	15
163	178	1
164	165	106
164	166	2
164	168	1
164	171	1
164	172	2
164	179	1
164	182	1
164	183	1
164	190	1
165	172	1
165	182	1
165	183	2
165	194	1
165	203	2
165	205	1
166	167	5
166	168	2
166	169	1
166	170	4
166	171	2
166	173	1
166	174	1
166	175	36
166	176	5
166	177	9
166	178	7
166	179	35
166	180	1
166	182	1
166	193	1
167	168	5
167	174	1
167	175	1
167	176	2
167	177	5
167	178	2
167	179	12
167	180	4
168	169	10
168	170	10
168	171	13
168	172	15
168	174	1
168	175	5
168	176	16
168	177	9
168	178	17
168	179	7
169	170	2
169	171	8
169	172	4
169	174	1
169	175	3
169	176	13
169	177	7
169	178	2
169	179	1
170	171	1
170	172	4
170	174	2
170	175	11
170	176	8
170	177	2
170	178	14
170	179	15
170	180	1
170	186	1
171	172	69
171	174	9
171	175	3
171	176	4
171	177	11
171	178	1
171	179	2
171	180	1
172	173	1
172	174	8
172	175	2
172	176	7
172	177	7
172	178	11
172	179	2
173	174	2
173	177	1
173	181	4
174	176	3
174	177	2
174	178	3
174	179	1
175	176	6
175	177	15
175	178	6
175	179	33
176	177	9
176	178	7
176	179	4
176	180	1
177	178	19
177	179	10
178	179	4
178	180	1
178	185	1
179	180	5
181	182	1
182	184	14
182	185	1
183	185	1
183	189	1
183	197	1
185	186	85
187	188	13
187	189	21
187	190	37
187	194	2
187	201	1
187	202	1
187	207	1
187	208	1
187	209	23
187	210	1
187	212	2
188	189	40
188	190	56
188	195	1
188	199	1
189	190	115
189	194	1
189	198	1
189	199	8
189	200	1
189	201	3
189	205	1
189	207	1
189	208	1
189	209	20
190	194	1
190	195	1
190	196	1
190	199	2
190	201	1
190	202	1
190	206	1
190	207	2
190	209	26
191	192	2
191	197	1
194	200	1
195	196	36
196	199	1
197	198	10
197	199	26
197	200	17
198	199	17
198	200	2
198	230	1
199	200	21
199	207	1
200	207	1
201	202	45
201	204	1
201	205	1
201	207	1
201	212	2
201	215	1
202	204	1
204	205	19
206	207	39
206	208	15
207	208	57
207	212	2
207	215	1
207	216	1
210	211	41
213	214	20
215	216	7
215	217	51
215	218	33
215	219	71
216	217	8
216	218	7
216	219	7
217	218	21
217	219	59
218	219	37
220	221	4
222	223	9
224	225	91
224	226	7
224	227	7
225	226	7
225	227	8
226	227	28
228	229	31
228	231	2
228	232	3
229	231	1
229	232	4
230	233	1
231	232	18
