234
0	1	10
0	2	9
0	3	8
0	4	8
0	5	1
0	6	1
0	7	2
0	13	1
0	14	1
0	23	2
1	2	10
1	3	10
1	4	10
1	5	1
1	6	1
1	7	1
1	14	1
1	29	1
1	30	1
1	36	1
1	37	1
1	48	1
2	3	10
2	4	10
2	5	3
2	6	1
2	7	2
2	8	1
2	13	1
2	30	1
3	4	9
3	5	1
3	6	2
3	7	2
3	13	1
3	30	1
4	5	1
4	6	1
4	7	2
4	8	1
4	11	1
4	14	1
4	18	1
4	26	1
4	28	1
4	30	1
4	48	1
4	77	1
4	78	1
4	79	1
5	6	10
5	7	8
5	13	3
5	14	3
6	7	10
6	8	1
6	13	3
6	14	1
7	13	2
7	14	1
7	15	1
9	10	10
10	28	1
10	43	7
10	55	10
10	56	1
10	57	1
10	73	2
11	12	10
11	14	1
11	16	1
11	21	1
11	22	1
11	25	1
11	28	1
11	35	1
11	36	1
12	22	1
13	14	9
16	17	8
16	18	10
16	25	1
16	26	1
16	28	1
16	33	1
16	34	1
16	36	1
16	39	1
17	18	9
17	28	1
17	34	1
17	47	1
18	26	1
18	39	1
19	20	10
19	21	6
19	22	10
19	24	1
19	25	1
19	26	1
19	28	1
19	30	1
19	36	1
19	37	4
19	38	2
19	50	1
20	21	9
20	22	10
20	24	1
20	25	2
20	27	1
20	28	1
20	30	1
20	35	1
20	36	2
20	37	3
20	50	1
21	22	8
21	25	1
21	50	1
22	26	1
22	28	2
22	36	2
22	37	1
22	50	1
22	56	1
24	25	10
24	27	2
24	29	9
24	30	6
24	31	5
24	40	1
25	27	3
25	28	1
25	29	10
25	30	10
25	31	3
25	51	1
26	27	1
26	28	10
26	33	1
26	35	1
26	36	2
26	37	2
26	38	2
26	40	1
27	28	1
27	29	3
27	30	3
27	31	3
27	40	1
27	42	1
28	30	1
28	32	2
28	33	1
28	35	1
28	36	3
28	37	4
28	38	4
28	44	1
28	47	1
28	48	1
28	49	1
28	55	1
28	56	10
28	57	10
28	58	2
28	61	1
28	63	1
28	75	1
28	80	1
28	83	1
28	89	1
28	90	1
28	97	1
28	98	1
28	99	1
28	100	1
29	30	10
29	31	4
29	59	1
30	31	5
30	36	1
30	37	1
31	34	1
32	33	7
32	37	1
32	48	1
33	48	1
33	50	1
33	51	1
34	35	10
36	37	10
36	38	6
36	41	1
36	49	1
37	38	7
37	39	1
37	40	1
37	41	1
37	50	1
37	51	1
37	54	1
38	39	1
38	48	1
38	49	1
39	41	9
40	42	6
41	42	1
42	49	1
42	68	1
42	118	1
42	120	1
44	45	8
44	46	4
44	51	1
44	53	2
45	46	3
45	50	1
45	53	1
46	48	1
46	49	1
46	50	1
46	53	2
47	48	9
47	50	1
47	58	1
48	50	1
48	54	1
49	50	2
49	51	1
49	52	10
49	56	1
49	68	1
49	79	1
49	80	1
50	51	8
50	52	1
50	54	6
51	54	4
52	77	1
52	79	1
56	57	10
56	85	1
56	87	1
56	93	1
56	94	1
56	98	1
56	101	1
57	61	1
57	80	1
57	82	1
57	83	1
57	87	1
57	90	1
57	91	1
57	94	1
57	95	1
57	98	1
57	99	1
57	100	1
58	64	4
58	65	8
58	97	1
58	100	1
59	60	6
61	62	10
61	63	10
61	87	1
61	101	9
61	108	1
61	109	1
61	131	1
62	63	10
62	101	3
62	106	1
62	107	1
62	125	1
62	140	1
62	145	1
63	101	2
63	107	1
63	109	1
63	125	1
63	126	1
63	127	1
63	145	1
63	146	1
64	65	4
65	67	1
65	68	1
65	70	1
65	71	1
65	100	1
65	101	1
66	67	3
66	68	3
66	69	1
66	70	3
66	71	2
66	74	2
66	75	1
66	76	1
67	68	4
67	69	4
67	70	3
67	71	5
67	74	2
67	76	2
67	90	1
67	95	1
68	69	3
68	70	7
68	71	4
68	74	2
68	75	1
68	77	1
68	78	1
69	70	1
69	71	9
69	72	2
69	74	1
69	75	10
69	76	1
70	71	3
70	72	1
70	75	2
70	78	1
71	72	1
71	74	2
71	75	9
71	76	2
72	74	2
74	75	1
74	78	1
75	83	2
75	84	1
75	85	1
75	86	1
75	99	1
75	113	1
75	116	1
75	129	10
75	131	1
75	134	1
75	135	1
75	136	2
75	145	2
75	146	1
75	150	1
75	152	1
77	78	9
77	79	8
77	80	5
78	79	7
78	80	7
78	90	1
78	94	1
78	97	1
78	103	1
79	80	7
79	81	1
79	82	1
79	84	1
79	91	1
79	94	1
79	95	1
79	115	1
79	128	2
80	91	1
81	82	8
81	83	9
81	84	5
81	87	1
81	104	1
81	120	1
82	83	10
82	84	6
83	84	10
83	93	1
83	99	1
83	119	1
83	130	1
83	131	1
83	134	1
83	136	1
83	142	1
83	144	1
83	146	1
83	149	1
83	156	1
84	86	2
84	101	1
84	104	1
84	120	1
84	124	1
84	133	1
84	142	1
84	146	1
85	86	1
85	87	2
85	88	9
85	89	1
85	90	4
85	91	3
85	92	1
85	93	2
85	94	8
85	95	2
85	96	1
85	97	1
85	98	2
85	99	1
85	100	1
85	128	1
86	87	4
86	88	2
86	90	2
86	91	3
86	92	1
86	93	6
86	94	3
86	95	4
86	96	1
86	97	3
86	98	2
86	99	1
86	119	1
86	120	3
86	152	3
87	88	1
87	89	2
87	90	6
87	91	2
87	93	10
87	94	6
87	95	4
87	96	4
87	97	9
87	98	3
87	99	3
87	100	1
87	107	1
87	109	1
87	111	1
87	120	1
87	127	1
87	157	1
88	89	2
88	90	2
88	91	2
88	92	1
88	93	1
88	94	7
88	95	1
88	97	1
88	98	1
88	99	1
89	91	1
89	94	2
89	95	6
89	96	3
89	97	3
89	98	9
89	99	1
90	91	6
90	92	7
90	93	3
90	94	7
90	95	2
90	96	1
90	97	4
90	98	3
90	99	1
90	106	1
90	108	1
90	119	1
90	120	2
90	121	1
90	124	1
90	129	1
90	140	1
91	92	6
91	93	4
91	94	3
91	95	5
91	96	1
91	97	2
91	98	2
91	99	3
91	109	1
91	140	1
92	94	1
92	97	1
92	98	1
92	99	1
92	120	1
92	121	1
93	94	4
93	95	4
93	96	3
93	97	6
93	98	2
93	99	2
93	111	1
93	120	2
93	126	2
93	154	1
93	156	1
93	157	1
94	95	2
94	96	2
94	97	4
94	98	3
94	99	1
94	102	1
94	104	1
94	105	1
94	110	1
94	120	1
94	128	1
94	147	9
94	149	1
94	150	1
94	165	1
95	96	6
95	97	3
95	98	7
95	99	1
95	109	1
96	97	2
96	98	7
96	99	2
96	107	1
97	98	4
97	99	2
97	100	1
97	110	1
97	111	1
97	115	1
97	118	1
97	119	1
97	120	4
97	150	1
97	155	1
97	157	3
98	99	2
99	118	1
99	120	1
99	140	1
99	149	1
99	152	1
100	131	1
100	160	1
100	164	1
100	168	1
100	170	1
100	177	1
100	178	1
100	182	1
100	184	1
101	106	1
101	139	1
102	103	7
102	107	1
102	127	1
103	110	1
103	127	1
103	129	1
104	105	8
104	107	1
104	118	1
104	125	1
106	107	10
106	108	10
106	109	10
106	110	1
106	111	1
106	116	1
106	118	1
106	126	1
106	127	1
107	108	9
107	109	10
107	110	1
107	111	1
107	116	1
107	117	2
107	120	1
107	121	1
107	125	1
107	134	1
108	109	9
108	117	1
108	124	1
108	125	1
108	126	1
108	134	1
109	111	1
109	116	1
109	120	1
109	125	1
109	130	1
109	136	1
110	111	5
110	112	3
110	113	2
110	114	2
110	115	3
111	112	3
111	113	1
111	114	1
111	115	7
111	122	1
111	126	1
112	113	1
112	115	3
113	114	7
113	115	1
113	129	1
114	125	1
116	117	9
116	118	2
116	119	2
116	121	6
116	122	3
116	123	1
116	124	4
116	125	1
116	126	2
116	127	3
117	118	2
117	119	2
117	120	2
117	121	5
117	122	5
117	123	1
117	124	2
117	125	1
117	126	5
117	127	1
117	128	1
118	119	4
118	120	3
118	121	1
118	122	1
118	123	2
118	124	3
118	125	1
118	126	2
118	127	1
118	128	2
118	134	1
118	136	1
118	153	1
119	120	8
119	121	1
119	122	1
119	123	2
119	124	2
119	125	2
119	126	1
119	128	1
119	149	1
120	121	1
120	122	1
120	123	3
120	124	4
120	125	5
120	126	3
120	130	1
120	131	1
120	141	1
120	154	9
120	155	10
120	156	10
120	157	7
120	159	1
121	122	5
121	123	1
121	124	2
121	125	2
121	126	3
121	127	1
122	123	1
122	124	1
122	125	1
122	126	2
122	127	2
122	128	1
122	135	1
123	124	10
123	125	4
123	126	4
123	127	2
123	128	2
123	134	1
123	135	1
123	139	1
123	141	1
123	143	1
123	146	1
124	125	4
124	126	5
124	127	3
124	128	1
124	139	1
124	141	1
125	126	8
125	127	4
125	128	2
125	140	1
126	127	8
126	128	7
126	131	1
126	134	1
126	135	1
127	128	8
129	135	1
129	136	1
129	143	1
129	152	1
129	155	1
129	156	1
129	157	1
130	131	10
130	132	1
130	133	5
130	134	4
130	135	3
130	136	9
130	138	1
130	139	3
130	140	2
130	141	3
130	142	2
130	143	3
130	144	2
130	145	1
130	146	3
130	156	1
130	176	1
130	182	1
130	187	1
130	188	1
131	132	2
131	133	4
131	134	4
131	135	2
131	136	4
131	137	5
131	138	2
131	139	3
131	140	6
131	141	3
131	142	2
131	143	4
131	144	7
131	145	2
131	146	6
131	153	2
131	156	2
131	157	2
131	162	1
131	163	1
131	164	1
131	165	1
131	169	1
131	172	1
131	181	1
131	183	1
131	189	1
131	193	1
132	133	3
132	134	2
132	135	2
132	136	4
132	137	3
132	138	5
132	139	1
132	140	3
132	142	1
132	143	2
132	144	4
132	145	4
132	146	1
132	149	1
133	134	2
133	135	4
133	136	7
133	138	2
133	139	1
133	140	2
133	141	2
133	142	3
133	143	3
133	144	2
133	145	2
133	146	1
133	153	1
134	135	3
134	136	4
134	138	1
134	140	1
134	141	1
134	142	2
134	143	1
134	144	2
134	145	3
134	146	1
134	159	1
135	136	4
135	137	1
135	138	3
135	139	4
135	140	7
135	141	2
135	142	4
135	143	2
135	144	2
135	145	2
135	146	3
135	154	1
135	156	1
135	157	1
136	137	1
136	139	5
136	140	2
136	141	1
136	142	1
136	143	3
136	144	3
136	145	1
136	146	2
136	148	1
136	149	1
136	153	1
136	155	1
136	157	1
137	138	6
137	139	2
137	140	4
137	141	2
137	142	1
137	143	2
137	144	3
137	145	1
137	207	1
138	139	2
138	140	1
138	141	4
138	142	1
138	143	2
138	144	3
138	145	5
138	146	2
139	140	6
139	141	8
139	142	3
139	143	6
139	144	4
139	145	3
139	146	2
139	148	1
139	149	1
140	141	3
140	142	2
140	143	3
140	144	4
140	145	4
140	146	2
140	152	1
141	142	3
141	143	2
141	144	3
141	145	3
141	146	2
142	143	5
142	144	6
142	145	1
142	146	5
143	144	6
143	145	6
143	146	6
144	145	3
144	146	6
145	146	1
145	148	1
145	152	1
145	153	1
145	154	1
145	155	1
145	156	1
145	157	1
147	148	1
147	149	1
147	154	1
147	155	1
147	165	1
148	149	9
148	150	6
148	153	1
148	158	1
148	173	1
148	174	1
149	150	9
149	157	1
149	161	1
149	167	1
149	168	1
149	172	1
149	173	1
149	174	1
149	175	1
149	176	1
149	177	1
149	178	1
149	179	2
149	180	1
150	152	1
150	160	1
150	173	1
151	152	5
152	156	1
152	159	1
152	160	2
152	164	1
152	165	1
152	168	1
152	170	1
152	171	1
152	183	1
152	184	1
153	154	2
153	155	2
153	156	1
153	158	10
153	179	1
153	189	2
153	190	1
153	198	1
153	199	2
153	203	1
154	155	9
154	156	8
154	157	7
155	156	8
155	157	6
155	164	1
156	157	7
156	160	1
156	181	1
158	189	1
159	160	9
159	182	1
159	184	1
160	172	1
160	173	1
160	181	1
160	182	1
160	184	1
161	162	1
161	163	2
161	166	2
161	167	1
161	168	4
161	169	2
161	170	8
161	171	1
161	172	1
161	174	1
161	175	2
161	176	1
161	177	1
161	178	9
161	179	2
161	184	1
161	186	1
161	193	1
162	163	2
162	166	6
162	167	2
162	168	3
162	169	2
162	170	1
162	171	2
162	172	2
162	174	1
162	175	4
162	176	8
162	177	9
162	178	5
162	179	6
162	182	1
163	166	1
163	168	3
163	169	6
163	170	1
163	171	2
163	172	2
163	176	1
163	177	6
163	178	1
164	165	10
164	166	1
164	168	1
164	171	1
164	172	1
164	179	1
164	182	1
164	183	1
164	190	1
165	172	1
165	182	1
165	183	1
165	194	1
165	203	1
165	205	1
166	167	2
166	168	1
166	169	1
166	170	2
166	171	1
166	173	1
166	174	1
166	175	9
166	176	2
166	177	4
166	178	3
166	179	9
166	180	1
166	182	1
166	193	1
167	168	2
167	174	1
167	175	1
167	176	1
167	177	2
167	178	1
167	179	5
167	180	2
168	169	4
168	170	4
168	171	5
168	172	6
168	174	1
168	175	2
168	176	6
168	177	4
168	178	6
168	179	3
169	170	1
169	171	3
169	172	2
169	174	1
169	175	2
169	176	5
169	177	3
169	178	1
169	179	1
170	171	1
170	172	2
170	174	1
170	175	4
170	176	3
170	177	1
170	178	5
170	179	6
170	180	1
170	186	1
171	172	10
171	174	4
171	175	2
171	176	2
171	177	4
171	178	1
171	179	1
171	180	1
172	173	1
172	174	3
172	175	1
172	176	3
172	177	3
172	178	4
172	179	1
173	174	1
173	177	1
173	181	2
174	176	2
174	177	1
174	178	2
174	179	1
175	176	3
175	177	6
175	178	3
175	179	9
176	177	4
176	178	3
176	179	2
176	180	1
177	178	7
177	179	4
178	179	2
178	180	1
178	185	1
179	180	2
181	182	1
182	184	5
182	185	1
183	185	1
183	189	1
183	197	1
185	186	10
187	188	5
187	189	7
187	190	9
187	194	1
187	201	1
187	202	1
187	207	1
187	208	1
187	209	7
187	210	1
187	212	1
188	189	10
188	190	10
188	195	1
188	199	1
189	190	10
189	194	1
189	198	1
189	199	3
189	200	1
189	201	2
189	205	1
189	207	1
189	208	1
189	209	7
190	194	1
190	195	1
190	196	1
190	199	1
190	201	1
190	202	1
190	206	1
190	207	1
190	209	8
191	192	1
191	197	1
194	200	1
195	196	9
196	199	1
197	198	4
197	199	8
197	200	6
198	199	6
198	200	1
198	230	1
199	200	7
199	207	1
200	207	1
201	202	10
201	204	1
201	205	1
201	207	1
201	212	1
201	215	1
202	204	1
204	205	7
206	207	9
206	208	6
207	208	10
207	212	1
207	215	1
207	216	1
210	211	10
213	214	7
215	216	3
215	217	10
215	218	9
215	219	10
216	217	3
216	218	3
216	219	3
217	218	7
217	219	10
218	219	9
220	221	2
222	223	4
224	225	10
224	226	3
224	227	3
225	226	3
225	227	3
226	227	8
228	229	9
228	231	1
228	232	2
229	231	1
229	232	2
230	233	1
231	232	6
