410
0	1	142
0	4	1
0	5	2
0	49	13
0	50	2
1	5	2
1	38	1
1	39	1
1	49	1
1	69	1
1	71	1
1	107	1
2	3	11
2	4	1
2	7	2
2	8	1
2	11	1
2	15	1
2	41	1
3	7	3
3	11	1
3	89	1
4	5	29
4	6	1
4	8	1
4	10	1
4	11	3
4	15	1
4	18	1
5	6	3
5	8	3
5	10	3
5	11	2
5	13	1
6	20	3
6	21	7
6	36	1
6	47	1
6	50	1
7	8	27
7	9	5
7	10	14
7	11	30
7	12	2
7	13	16
7	14	1
7	15	49
7	22	5
7	47	1
8	9	7
8	10	48
8	11	21
8	12	9
8	13	13
8	14	10
8	15	28
8	18	1
8	25	2
8	38	1
9	10	17
9	11	4
9	12	7
9	13	6
9	14	1
9	15	12
9	22	1
9	25	2
10	11	14
10	12	8
10	13	11
10	14	11
10	15	18
10	22	1
10	25	1
10	31	3
10	47	1
11	12	4
11	13	13
11	15	24
11	16	1
11	19	2
11	22	1
11	25	1
11	35	1
12	13	6
12	14	6
12	15	8
12	17	1
12	22	4
12	25	25
12	34	1
12	48	1
13	14	2
13	15	26
13	18	1
13	22	3
14	15	7
15	16	1
15	18	3
15	22	3
15	32	1
15	34	1
15	35	1
16	17	43
16	18	5
16	19	45
16	22	1
17	18	3
17	19	28
18	19	4
18	37	1
18	41	1
18	73	1
18	74	2
18	75	1
18	76	2
20	21	2
23	24	18
23	46	1
23	70	1
23	72	1
24	29	1
24	31	1
25	31	1
26	27	30
26	28	16
26	29	14
26	40	4
26	43	3
27	28	25
27	29	12
27	40	3
27	41	2
27	43	1
27	46	1
27	51	3
28	29	18
28	43	1
29	31	1
30	31	35
30	49	2
31	40	1
31	43	2
31	49	3
31	50	1
32	33	24
32	34	32
32	35	53
32	36	1
32	62	1
32	68	1
33	34	23
33	35	27
34	35	40
34	50	1
35	43	1
35	50	1
35	65	1
36	37	68
36	38	66
36	39	7
36	40	2
36	41	2
36	42	1
36	43	3
36	47	4
36	48	3
36	49	3
36	50	4
36	61	1
36	64	1
36	70	1
36	99	1
37	38	36
37	39	17
37	41	2
37	44	1
37	50	1
37	71	3
37	73	1
37	77	1
37	94	1
37	99	1
37	108	1
38	39	22
38	40	1
38	41	1
38	42	1
38	44	1
38	46	1
38	47	2
38	57	1
38	63	1
38	64	1
38	69	1
39	50	1
39	51	1
39	83	2
39	84	1
40	41	19
40	42	7
40	43	44
40	44	30
40	50	1
40	51	1
40	53	2
40	54	1
40	56	1
40	70	6
40	76	3
40	91	17
41	42	93
41	43	24
41	44	19
41	50	1
41	53	1
41	55	1
41	57	1
41	59	1
41	61	1
41	66	1
41	70	2
41	71	2
41	72	1
41	73	2
41	76	1
41	87	1
41	92	1
41	99	1
41	104	1
42	43	19
42	44	13
42	53	1
42	87	1
42	92	1
42	104	1
43	44	21
43	68	1
43	70	1
43	72	1
43	74	1
43	76	1
43	77	1
43	86	2
43	91	6
44	50	1
44	73	1
45	46	12
45	49	1
45	53	1
46	49	1
46	50	1
46	54	1
46	69	1
46	72	1
46	74	1
46	77	1
47	48	40
47	49	1
47	50	1
47	79	1
47	80	1
48	50	1
48	77	2
49	50	191
49	57	1
49	73	1
49	74	1
49	116	4
49	122	1
49	125	1
49	132	1
49	135	1
49	141	1
49	142	1
49	143	1
49	164	1
49	167	4
49	168	1
49	170	2
49	171	1
49	172	1
49	173	2
49	174	1
49	175	1
49	176	1
49	177	2
49	178	1
49	187	1
50	51	2
50	56	1
50	63	1
50	64	1
50	65	1
50	66	10
50	70	1
50	71	1
50	73	1
50	99	1
50	111	2
50	116	1
50	124	1
50	126	1
50	132	1
50	135	1
50	140	1
50	141	2
50	142	1
50	143	1
50	153	1
50	163	1
50	164	1
50	167	8
50	172	1
50	175	1
50	177	1
50	182	1
50	186	3
50	187	1
50	189	2
50	190	1
50	204	1
50	222	2
50	239	1
52	53	25
52	54	27
53	54	30
53	63	2
53	73	1
54	62	1
54	63	3
54	73	1
54	74	1
55	56	32
55	57	38
55	73	1
55	74	1
55	77	1
55	80	1
55	111	1
55	112	1
55	124	1
55	143	3
56	57	44
56	69	1
56	114	1
57	77	1
57	112	1
57	123	1
57	131	2
57	143	3
57	170	2
57	171	3
57	189	2
58	59	26
58	60	16
58	61	11
58	62	10
58	75	1
59	60	13
59	61	12
59	62	14
59	64	1
59	77	1
60	61	6
60	62	12
60	69	1
61	62	7
62	69	1
62	74	1
63	64	2
63	68	2
63	109	1
63	111	1
63	112	1
65	66	94
65	67	30
65	71	1
65	73	1
65	99	1
65	145	1
65	151	1
65	160	1
65	167	1
66	67	43
66	73	1
66	75	2
66	76	1
66	169	1
66	180	1
66	207	1
66	209	1
66	210	1
67	79	1
68	79	1
68	80	1
69	70	103
69	71	31
69	72	65
69	73	1
69	77	1
69	86	5
69	87	5
69	105	1
70	71	51
70	72	57
70	73	1
70	83	1
70	84	2
70	86	7
70	87	10
70	96	1
70	104	1
71	72	44
71	73	1
71	77	2
71	121	1
72	86	2
72	114	1
72	121	1
72	127	1
73	74	25
73	75	27
73	76	23
73	77	32
73	80	3
73	85	1
73	86	4
73	101	1
73	104	1
74	75	12
74	76	13
74	77	18
74	80	2
74	93	1
74	94	2
75	76	58
75	77	13
75	80	6
75	84	1
76	77	11
76	80	4
77	80	2
77	86	1
78	79	11
79	80	1
80	81	27
80	82	20
80	86	1
80	87	1
80	118	1
81	82	3
82	86	1
83	84	67
83	86	3
83	94	1
83	99	1
83	111	2
83	139	1
83	141	1
83	143	1
84	99	1
84	139	1
84	140	1
84	149	1
84	152	2
84	157	1
84	159	1
84	160	1
84	161	2
84	166	1
85	86	23
85	87	11
85	88	2
85	90	1
85	102	1
86	87	32
86	88	3
86	93	1
86	94	1
86	102	1
86	109	1
86	115	1
86	116	1
86	117	1
86	132	2
87	88	2
87	90	3
87	94	2
87	104	1
87	120	1
87	141	1
87	143	1
88	102	1
89	90	1
89	92	2
89	95	2
89	96	1
89	98	3
89	99	3
89	100	3
89	101	1
89	102	1
89	103	2
89	105	3
89	107	1
89	108	1
89	110	1
90	92	7
90	93	1
90	94	6
90	95	3
90	96	5
90	97	1
90	98	2
90	99	12
90	100	1
90	101	1
90	102	7
90	103	9
90	104	6
90	107	3
90	109	2
90	117	1
90	121	1
90	124	1
92	93	9
92	94	12
92	95	1
92	96	2
92	98	2
92	99	9
92	100	3
92	101	2
92	102	6
92	103	3
92	104	13
92	105	3
92	106	1
92	107	2
92	108	2
92	109	5
92	117	1
92	130	1
93	94	14
93	95	1
93	96	3
93	98	2
93	99	7
93	100	4
93	101	1
93	102	8
93	103	3
93	104	1
93	106	5
93	107	1
93	108	2
93	109	1
93	111	5
93	145	1
94	95	1
94	96	1
94	99	2
94	100	2
94	101	3
94	102	7
94	103	5
94	104	5
94	105	2
94	107	2
94	108	1
94	109	1
94	111	4
94	113	1
94	114	2
94	121	1
94	146	1
95	96	2
95	98	18
95	99	2
95	101	2
95	102	1
95	103	1
95	104	1
95	106	1
95	108	2
95	125	1
96	98	2
96	99	7
96	100	3
96	102	9
96	103	3
96	104	8
96	105	4
96	107	1
96	108	2
96	109	1
98	102	6
98	103	2
98	104	11
98	105	4
98	106	2
98	108	9
98	109	4
98	122	1
99	100	2
99	101	1
99	102	4
99	103	3
99	104	10
99	105	8
99	107	1
99	108	3
99	109	5
99	110	1
99	115	1
99	119	1
99	121	7
99	132	2
99	133	1
100	101	15
100	102	1
100	104	3
100	108	1
100	109	3
100	112	1
101	102	1
101	104	1
101	105	1
101	106	3
101	107	1
101	109	16
101	132	1
102	103	8
102	104	8
102	105	2
102	106	3
102	107	5
102	108	3
102	109	1
102	110	1
102	112	5
102	121	7
102	122	2
102	127	1
103	104	5
103	105	4
103	106	3
103	108	1
103	109	9
103	121	1
103	144	1
104	105	1
104	108	1
104	109	1
104	112	2
104	121	5
104	146	1
105	106	5
105	108	7
105	109	9
105	115	1
106	107	2
106	108	8
106	109	5
106	135	1
107	108	3
107	110	1
107	121	1
107	123	1
108	109	6
108	110	4
108	119	1
108	121	3
108	132	1
109	130	1
109	139	1
110	111	1
111	112	91
111	113	15
111	114	62
111	119	1
111	121	2
111	123	2
111	124	1
111	128	2
111	129	1
111	131	1
111	139	1
111	166	1
111	167	2
111	170	3
111	171	1
111	176	2
111	186	1
111	187	3
111	189	6
112	113	10
112	114	93
112	119	1
112	121	4
112	123	2
112	124	1
112	131	1
112	132	1
112	133	1
112	167	1
112	168	1
112	170	4
112	171	2
112	174	1
112	186	2
112	187	3
113	114	5
113	145	1
114	126	1
114	131	1
114	135	1
114	145	3
114	170	1
114	176	2
114	182	1
114	187	3
114	189	3
115	120	1
115	128	1
115	135	1
115	137	1
116	117	2
116	120	1
116	121	4
116	123	14
116	125	1
116	126	1
116	130	30
116	131	11
116	146	2
116	147	1
116	163	1
116	167	1
116	168	1
116	170	1
116	177	2
116	181	1
116	186	3
116	187	3
116	213	1
116	225	1
116	232	1
117	119	5
117	120	3
117	121	18
117	122	3
117	123	6
117	124	12
117	125	15
117	126	15
117	127	17
117	128	14
117	129	5
117	131	1
117	132	8
117	133	3
117	135	1
117	143	1
117	145	2
119	120	3
119	121	2
119	122	5
119	123	6
119	124	18
119	125	6
119	126	12
119	127	1
119	128	6
119	129	28
119	132	4
119	133	2
119	139	1
119	140	1
119	162	1
119	165	1
119	167	1
120	121	1
120	122	51
120	123	13
120	124	3
120	126	5
120	128	12
120	129	1
120	130	1
120	131	3
120	133	1
120	139	4
120	141	3
120	143	1
120	144	1
121	122	4
121	123	2
121	124	2
121	125	22
121	126	9
121	127	18
121	128	9
121	129	3
121	130	3
121	131	3
121	132	13
121	133	22
121	143	1
121	155	1
121	160	1
121	167	2
122	123	18
122	124	2
122	125	3
122	126	14
122	127	1
122	128	9
122	130	1
122	131	1
122	133	1
122	139	1
122	145	2
122	159	1
123	124	10
123	125	3
123	126	22
123	128	16
123	129	10
123	130	14
123	131	4
123	132	4
123	143	4
123	148	1
124	125	8
124	126	14
124	127	3
124	128	13
124	129	27
124	132	1
124	143	1
124	145	2
124	213	1
124	214	1
125	126	6
125	127	18
125	128	8
125	129	5
125	130	2
125	132	5
125	133	3
125	142	1
125	145	1
125	166	1
126	127	7
126	128	9
126	129	8
126	130	2
126	131	1
126	132	5
127	128	19
127	129	1
127	132	7
127	133	6
127	135	1
127	145	1
128	129	1
128	132	3
128	133	2
128	143	2
128	145	1
129	131	1
129	133	2
130	131	19
131	132	1
131	133	3
131	134	1
131	139	1
131	167	4
131	187	3
131	188	1
131	189	41
131	221	1
131	227	1
131	229	1
131	245	1
132	133	29
132	167	1
133	142	1
133	170	1
133	207	1
136	137	59
136	143	1
136	144	2
136	165	1
137	141	1
137	143	1
137	144	2
137	145	1
138	139	26
138	140	33
138	141	37
138	144	1
139	140	24
139	141	47
139	143	1
139	144	2
139	145	1
139	186	1
139	189	1
140	141	58
140	143	1
140	165	1
141	142	1
141	145	1
141	146	1
141	165	1
142	143	29
142	145	32
142	167	1
143	145	25
143	146	1
143	167	1
144	145	1
145	146	1
145	164	1
146	160	1
146	191	1
146	214	2
146	217	1
146	221	1
146	224	1
146	234	1
147	148	3
147	149	3
147	150	7
147	151	5
147	152	15
147	153	5
147	154	7
147	155	1
147	156	4
147	157	1
147	158	2
147	159	3
147	160	4
147	161	1
147	163	1
147	164	4
147	168	2
147	169	1
147	170	1
147	172	11
147	173	4
147	174	2
147	176	5
147	177	2
147	178	2
147	180	1
147	181	1
147	182	6
147	187	1
147	218	2
148	149	3
148	150	1
148	151	1
148	152	2
148	153	2
148	154	1
148	155	1
148	156	1
148	157	8
148	159	5
148	160	5
148	163	1
148	164	7
148	165	1
148	166	1
148	170	1
148	171	1
149	150	4
149	151	3
149	152	4
149	153	3
149	154	1
149	155	2
149	157	5
149	158	6
149	159	11
149	160	10
149	163	2
150	151	1
150	153	6
150	154	1
150	156	2
150	159	1
150	160	6
150	164	5
150	176	2
150	182	2
150	203	1
151	152	10
151	153	26
151	154	6
151	155	3
151	156	1
151	157	3
151	158	5
151	159	2
151	160	2
151	161	3
151	163	2
151	164	6
152	153	8
152	154	3
152	155	6
152	157	3
152	158	24
152	159	28
152	160	8
152	161	10
152	163	1
152	164	1
152	176	1
152	180	2
153	154	6
153	155	9
153	156	3
153	157	5
153	158	4
153	159	8
153	160	5
153	161	3
153	163	1
153	164	5
153	168	1
153	174	2
153	176	4
153	178	2
153	182	1
153	192	1
154	155	14
154	156	1
154	157	1
154	158	2
154	159	4
154	160	4
154	161	3
154	164	2
154	180	1
155	157	3
155	158	5
155	159	5
155	160	10
155	161	2
155	163	1
155	164	1
155	176	5
155	178	1
155	180	2
155	182	6
155	218	2
155	223	1
156	157	3
156	158	3
156	159	2
156	160	4
156	161	1
156	164	3
156	168	1
156	169	1
156	172	2
156	173	1
156	198	1
157	158	4
157	159	16
157	160	16
157	161	1
157	163	4
157	164	3
157	180	2
158	159	2
158	160	7
158	161	3
158	163	2
159	160	32
159	161	15
159	163	1
159	180	1
160	161	1
160	162	2
160	163	3
160	164	6
160	168	1
160	172	1
160	173	1
160	174	3
160	177	1
160	180	1
160	182	1
160	187	1
160	191	1
160	211	1
160	213	2
160	214	2
160	217	1
161	163	1
161	164	3
161	180	1
162	175	1
162	190	8
162	191	44
162	192	24
162	193	19
162	197	2
162	198	2
162	201	1
162	205	1
162	214	1
162	243	1
162	246	1
163	164	1
163	165	2
163	173	1
163	177	1
163	180	2
163	181	1
163	182	1
163	183	1
164	170	1
164	172	9
164	173	4
164	176	2
164	180	2
164	182	1
164	206	1
164	218	1
165	173	1
165	187	8
165	189	1
165	206	1
165	254	2
166	167	32
166	171	1
166	186	1
166	189	2
167	186	3
167	189	7
168	169	3
168	170	2
168	171	2
168	172	5
168	173	4
168	174	11
168	175	2
168	176	9
168	178	7
168	179	1
168	180	9
168	181	1
168	182	12
168	183	1
168	184	2
169	170	3
169	172	2
169	173	1
169	174	27
169	175	8
169	176	9
169	177	1
169	178	3
169	179	1
169	180	7
169	181	1
169	182	6
170	171	93
170	172	2
170	173	1
170	174	2
170	176	7
170	178	9
170	180	1
170	183	4
170	211	1
170	213	1
170	217	1
170	222	3
170	223	3
170	227	1
170	232	1
170	237	1
171	172	1
171	174	1
171	176	5
171	202	1
171	214	1
171	232	1
172	173	33
172	174	6
172	175	5
172	176	23
172	177	5
172	178	3
172	180	7
172	181	2
172	182	7
172	183	3
172	184	2
172	234	1
173	174	2
173	175	4
173	176	7
173	177	2
173	178	7
173	180	7
173	181	7
173	182	15
173	183	1
173	184	2
173	223	1
174	175	15
174	176	13
174	177	5
174	178	1
174	180	16
174	182	6
174	183	5
174	205	1
174	218	2
175	176	8
175	177	6
175	178	2
175	179	6
175	180	17
175	181	3
175	182	7
175	183	1
175	192	1
175	218	1
176	177	5
176	178	5
176	180	2
176	181	3
176	182	25
176	183	12
177	178	29
177	179	1
177	180	8
177	182	2
177	183	2
177	184	10
178	179	2
178	180	3
178	181	1
178	182	7
178	184	5
178	231	1
178	250	8
178	252	1
178	253	1
178	254	1
179	180	3
179	182	1
179	183	3
179	205	1
180	181	7
180	182	6
180	183	1
180	184	2
180	186	1
180	197	1
180	198	1
180	199	1
180	201	1
180	206	1
180	207	1
181	182	6
181	205	1
182	183	8
182	210	1
182	218	2
185	186	32
186	189	2
186	242	1
186	244	1
187	188	47
187	189	1
187	213	1
187	214	1
187	221	6
187	229	1
187	258	1
187	263	1
187	264	1
187	269	1
187	270	1
187	271	11
187	282	2
187	283	2
187	285	1
187	286	1
187	297	1
187	299	1
187	307	1
187	308	1
189	227	1
189	241	2
190	191	75
190	192	110
190	193	36
190	214	1
190	216	1
191	192	79
191	193	52
191	201	1
191	211	1
191	212	1
191	216	1
191	246	1
191	251	1
191	258	1
192	193	29
192	197	1
192	198	2
192	200	2
192	201	1
192	213	1
192	243	1
192	311	1
193	199	2
193	203	6
193	206	1
193	218	2
193	243	1
193	246	1
194	195	21
194	196	21
194	197	12
194	198	10
194	199	2
194	201	7
194	203	12
194	204	5
194	205	14
194	206	6
194	209	1
194	214	2
194	215	4
194	217	1
194	218	14
194	225	1
194	228	5
194	230	4
194	234	13
194	235	1
194	236	1
194	237	1
194	240	1
194	247	1
194	256	22
194	257	8
194	258	13
194	259	12
194	260	11
194	261	5
194	262	9
194	263	12
194	264	10
194	265	11
194	266	4
194	276	1
194	277	1
194	282	2
194	286	5
194	290	1
194	291	1
194	298	5
194	322	1
195	196	15
195	197	15
195	198	13
195	199	16
195	200	14
195	201	20
195	203	14
195	204	10
195	205	7
195	206	7
195	208	1
195	214	1
195	218	18
195	226	2
195	228	7
195	230	1
195	231	1
195	235	1
195	236	1
195	238	1
195	240	3
196	197	16
196	198	13
196	199	3
196	200	3
196	201	2
196	203	9
196	204	5
196	205	21
196	206	3
196	215	3
196	218	9
196	226	3
196	228	1
196	230	3
196	231	2
196	232	2
196	234	2
196	235	1
196	237	2
196	238	1
196	239	1
196	240	2
196	247	1
197	198	24
197	199	15
197	200	3
197	201	3
197	203	9
197	204	2
197	205	5
197	206	6
197	218	26
197	221	1
197	226	4
197	230	2
197	231	4
197	235	1
197	236	2
197	237	2
197	238	1
197	239	17
197	240	8
197	247	1
198	199	18
198	200	13
198	201	19
198	203	26
198	204	10
198	205	12
198	206	7
198	217	1
198	218	15
198	226	1
198	227	1
198	228	1
198	230	2
198	234	1
198	235	1
198	236	1
198	237	3
198	238	2
198	239	5
198	254	2
199	200	12
199	201	23
199	203	28
199	204	4
199	205	8
199	206	2
199	218	4
199	230	3
199	232	1
199	239	1
199	243	1
200	201	35
200	203	10
200	205	4
200	206	4
200	218	3
200	228	1
200	234	1
200	239	1
200	240	1
201	203	35
201	204	4
201	205	1
201	206	4
201	208	2
201	210	2
201	212	1
201	214	1
201	218	16
201	231	1
201	236	1
201	237	1
201	239	1
203	204	2
203	206	3
203	218	11
203	226	3
203	227	1
203	229	1
203	230	2
203	246	1
204	205	11
204	206	20
204	208	1
204	218	5
204	238	1
205	206	5
205	209	1
205	213	1
205	214	1
205	218	20
205	230	1
205	236	2
205	237	1
205	238	2
205	239	2
206	213	1
206	218	11
206	225	1
206	230	1
206	231	1
206	232	4
206	234	1
206	237	1
206	238	1
206	240	1
207	208	12
207	209	13
207	210	17
207	211	12
207	212	21
207	213	4
207	214	1
207	217	5
207	226	1
207	241	7
207	242	4
208	209	11
208	210	8
208	211	10
208	212	18
208	226	1
208	241	6
208	242	2
208	246	2
208	249	1
208	251	1
209	210	20
209	211	23
209	212	15
209	213	1
209	217	1
209	218	1
209	228	1
209	229	1
209	241	4
209	242	3
209	246	1
210	211	32
210	212	27
210	214	1
210	226	1
210	241	3
210	242	15
211	212	21
211	230	1
211	241	7
211	242	4
211	243	1
212	218	1
212	229	1
212	241	2
212	242	7
213	214	44
213	216	31
213	217	47
213	223	1
214	216	37
214	217	114
214	218	1
214	219	1
214	243	1
215	239	1
215	256	1
215	257	2
215	258	6
215	259	5
215	260	1
215	261	3
215	263	3
215	264	4
215	280	1
215	287	1
216	217	36
216	220	1
216	243	1
217	218	1
217	220	1
217	228	1
217	244	1
218	221	1
218	226	1
218	228	7
218	229	2
218	230	7
218	231	3
218	235	1
218	237	1
218	239	6
218	240	3
218	250	1
219	220	14
220	222	1
220	229	1
220	234	1
220	241	1
220	248	1
220	267	1
220	269	1
221	243	1
221	254	1
222	223	23
222	227	1
222	232	1
222	236	1
222	239	1
222	242	1
223	227	2
223	229	1
223	236	1
223	239	1
224	225	49
224	226	8
224	227	1
224	228	11
224	229	1
224	232	7
224	233	5
224	234	2
224	235	6
224	236	3
224	237	3
224	238	5
224	239	2
224	240	2
225	226	7
225	227	2
225	228	11
225	229	1
225	230	4
225	231	3
225	232	10
225	234	1
225	236	1
225	237	1
225	238	1
225	240	1
226	227	1
226	228	8
226	230	3
226	231	9
226	232	8
226	234	4
226	235	2
226	236	14
226	237	8
226	238	4
226	239	7
226	240	4
227	228	2
227	229	91
227	271	1
227	318	1
227	320	1
227	330	1
227	342	1
228	229	1
228	230	10
228	231	12
228	232	4
228	233	2
228	234	1
228	235	4
228	236	12
228	237	4
228	238	7
228	239	7
228	240	13
228	249	1
229	238	1
229	241	1
229	244	1
229	259	1
229	269	6
229	271	1
229	330	1
229	333	1
229	334	1
229	335	2
229	352	1
229	359	6
229	360	4
229	361	10
230	231	9
230	232	20
230	233	3
230	234	3
230	235	3
230	236	6
230	237	8
230	238	8
230	239	8
230	240	2
230	243	1
231	232	9
231	233	1
231	234	5
231	235	3
231	236	8
231	237	1
231	238	6
231	239	4
231	240	11
231	244	9
231	250	1
231	254	15
232	234	10
232	235	1
232	236	3
232	237	5
232	238	3
232	239	6
232	246	1
232	247	1
233	234	1
233	235	1
233	236	11
233	237	4
233	238	1
233	239	1
234	236	7
234	237	3
234	238	4
234	239	4
234	240	2
234	243	1
234	246	1
234	256	2
234	257	6
234	258	7
234	259	6
234	260	16
234	261	11
234	262	13
234	263	9
234	264	9
234	265	6
234	269	1
234	286	4
234	287	3
234	290	7
234	291	1
234	293	1
234	295	1
234	298	1
234	312	1
234	313	1
235	236	4
235	237	26
235	238	3
235	239	2
236	237	8
236	238	9
236	239	7
236	240	2
236	247	1
236	249	1
237	238	9
237	239	3
238	239	4
238	240	7
239	240	3
239	243	3
239	245	1
241	242	21
241	243	1
241	244	1
242	248	1
243	246	2
243	247	1
243	251	1
243	254	1
243	263	1
244	249	1
244	251	1
244	254	11
246	247	41
246	249	1
246	251	4
246	286	1
247	276	1
248	249	10
248	251	4
248	255	1
248	256	2
248	293	1
248	301	1
249	251	2
249	256	1
250	252	4
250	253	9
251	255	1
251	256	1
252	253	24
254	264	1
256	257	2
256	258	4
256	259	8
256	260	15
256	261	11
256	262	11
256	263	11
256	264	5
256	265	3
256	266	5
256	280	1
256	281	2
256	286	1
256	287	4
256	290	1
256	291	1
256	294	1
256	295	1
256	296	2
256	299	1
256	311	1
256	313	1
257	258	14
257	259	15
257	260	14
257	261	2
257	262	5
257	263	12
257	264	3
257	265	3
257	266	6
257	267	1
257	280	1
257	281	1
257	282	1
257	283	1
257	287	3
257	291	2
257	293	3
257	297	3
257	298	1
257	313	1
258	259	12
258	260	17
258	261	13
258	262	6
258	263	19
258	264	18
258	265	4
258	266	3
258	280	1
258	284	2
258	291	1
258	292	6
258	293	1
258	294	1
258	295	2
258	296	1
258	298	1
258	313	5
259	260	39
259	261	17
259	262	5
259	263	12
259	264	14
259	265	8
259	266	2
259	276	1
259	281	4
259	282	1
259	284	1
259	286	2
259	291	1
259	292	1
259	293	1
259	294	3
259	296	1
259	298	1
260	261	6
260	262	11
260	263	10
260	264	13
260	265	3
260	266	4
260	267	1
260	269	1
260	280	1
260	287	3
260	289	1
260	290	6
260	292	1
260	293	1
260	295	1
260	296	1
260	297	1
260	298	2
260	299	1
260	314	1
261	262	12
261	263	10
261	264	27
261	265	1
261	266	3
261	281	2
261	282	1
261	283	1
261	287	1
261	292	2
261	294	1
261	298	4
261	299	1
261	300	1
261	313	1
262	263	6
262	264	11
262	265	1
262	266	2
262	271	1
262	286	2
262	287	1
262	290	1
262	291	2
262	296	2
262	299	3
262	304	1
262	306	1
263	264	11
263	265	5
263	266	36
263	271	1
263	277	1
263	280	1
263	281	2
263	291	1
263	294	2
263	295	1
263	297	14
263	298	1
263	299	1
263	300	1
263	307	1
263	308	1
264	265	9
264	266	5
264	273	1
264	280	1
264	282	2
264	287	6
264	290	4
264	291	1
264	292	1
264	293	4
264	295	1
264	297	1
264	298	1
264	300	1
264	306	3
264	307	1
264	311	2
264	313	4
264	320	1
264	325	17
264	326	22
265	266	1
265	287	1
265	292	1
265	293	1
265	295	13
265	296	16
266	281	1
266	291	2
266	293	1
266	296	3
266	297	1
266	298	1
267	268	9
267	269	13
267	270	14
267	287	1
267	291	1
268	269	23
268	270	23
269	270	26
269	276	1
269	291	1
269	293	1
271	284	1
271	289	1
271	290	1
271	293	1
271	296	1
271	304	1
271	305	1
271	306	1
271	311	6
271	313	1
271	317	1
271	318	2
271	320	1
271	323	1
271	326	2
271	327	1
271	330	1
271	332	2
271	335	3
271	337	1
271	338	2
271	339	1
271	340	1
271	344	2
271	345	2
271	346	6
271	347	4
271	350	3
271	353	11
271	354	3
271	355	7
271	356	2
271	357	2
271	358	8
271	364	3
271	368	15
271	370	1
271	372	1
271	375	1
271	376	1
271	378	1
271	384	1
272	273	27
272	274	49
272	277	3
272	285	1
272	314	1
273	274	24
273	277	1
273	308	1
274	277	2
274	285	1
274	300	1
274	307	1
275	276	22
275	277	20
275	285	1
276	277	40
276	285	1
276	307	1
277	285	18
277	302	1
277	308	1
277	314	1
278	279	67
278	294	1
278	299	1
278	307	1
278	316	3
279	280	1
279	283	2
279	292	1
279	293	1
279	296	1
279	307	2
279	316	3
279	320	2
280	281	10
280	282	9
280	283	11
280	284	6
280	286	19
280	287	11
280	290	6
280	291	8
280	292	12
280	293	8
280	294	12
280	295	4
280	297	5
280	298	7
280	300	5
280	313	5
281	282	5
281	283	24
281	284	6
281	286	7
281	287	1
281	290	23
281	291	10
281	292	7
281	293	8
281	294	3
281	295	5
281	296	18
281	297	7
281	298	2
281	299	3
281	300	1
281	313	4
282	283	4
282	284	6
282	286	17
282	287	5
282	290	7
282	291	3
282	292	6
282	293	7
282	294	15
282	295	1
282	296	4
282	297	7
282	298	4
282	300	20
282	313	9
282	323	1
283	284	14
283	286	7
283	287	8
283	290	13
283	291	12
283	292	7
283	293	7
283	294	1
283	295	13
283	296	24
283	297	14
283	298	4
283	299	18
283	300	2
283	304	1
283	313	3
284	286	4
284	287	4
284	290	11
284	291	24
284	292	11
284	293	1
284	294	7
284	295	3
284	296	8
284	297	12
284	298	3
284	299	6
284	300	3
284	308	1
285	314	1
286	287	9
286	290	6
286	291	12
286	292	4
286	293	11
286	294	19
286	295	17
286	296	2
286	297	7
286	298	8
286	299	2
286	300	4
286	303	1
286	313	2
287	290	4
287	291	17
287	292	16
287	293	14
287	294	14
287	295	2
287	296	2
287	297	9
287	298	15
287	299	1
287	300	2
287	302	1
287	303	2
287	304	1
287	313	8
288	289	7
288	300	1
290	291	7
290	292	7
290	293	5
290	294	2
290	295	8
290	296	11
290	297	17
290	298	3
290	299	6
290	300	3
290	313	6
290	322	1
291	292	15
291	293	9
291	294	14
291	295	10
291	296	28
291	297	5
291	298	5
291	299	3
291	300	4
291	306	1
291	311	1
291	313	3
291	323	1
292	293	16
292	294	13
292	295	12
292	296	5
292	297	6
292	298	6
292	299	5
292	300	8
292	304	1
292	308	1
292	313	2
293	294	4
293	295	11
293	296	6
293	297	6
293	298	14
293	299	2
293	300	4
293	301	1
293	313	6
294	295	5
294	296	8
294	297	4
294	298	8
294	300	3
294	301	1
294	313	1
295	296	37
295	297	5
295	298	4
295	299	2
295	300	9
295	311	1
295	313	1
296	297	10
296	298	1
296	299	8
296	306	1
296	311	2
296	313	4
297	298	6
297	299	6
297	300	2
297	313	1
297	317	1
298	299	1
298	300	4
298	311	1
298	313	10
301	302	28
301	310	1
301	335	1
301	369	2
302	310	1
303	304	7
303	305	1
303	306	5
303	307	2
303	308	2
303	311	4
303	324	1
304	305	8
304	306	18
304	307	7
304	308	3
304	309	10
304	311	17
304	324	1
305	306	11
305	307	3
305	308	7
305	309	2
305	311	8
305	319	1
305	320	1
305	323	1
306	307	7
306	308	20
306	309	3
306	311	28
306	318	1
306	322	1
306	324	3
307	308	2
307	311	4
307	316	8
307	317	1
308	311	8
308	313	1
308	323	1
309	311	3
309	324	1
311	322	1
311	324	1
314	315	18
314	316	3
314	317	1
314	324	1
315	316	3
315	317	1
316	318	1
316	324	2
317	327	8
317	328	6
317	340	1
317	345	1
317	352	1
317	370	1
317	375	8
317	376	7
317	377	17
317	378	3
317	379	8
317	380	11
317	381	1
317	382	4
317	383	11
317	385	2
317	388	1
318	319	13
318	320	15
318	321	9
318	324	1
319	320	8
319	321	12
320	321	5
323	324	1
325	326	36
325	329	2
325	330	1
325	333	1
325	353	1
325	371	2
325	372	1
326	329	3
326	330	5
326	331	3
326	332	2
326	336	1
326	337	1
326	365	3
326	367	1
326	368	1
326	370	1
327	328	86
327	338	1
327	347	1
327	375	4
327	376	4
327	377	5
327	378	8
327	379	28
327	380	7
327	381	6
327	382	1
327	383	5
327	385	1
328	339	2
328	340	3
328	358	1
328	365	1
328	375	7
328	376	15
328	377	7
328	378	7
328	379	9
328	380	7
328	381	5
328	383	4
329	330	50
329	331	30
329	332	44
329	333	23
329	337	1
329	348	1
329	360	2
329	362	1
329	371	2
329	372	3
330	331	21
330	332	42
330	333	36
330	340	1
330	349	1
331	332	25
331	333	4
331	335	1
331	350	1
331	355	1
331	356	1
331	357	1
331	360	1
331	372	1
332	333	34
332	334	1
332	337	2
332	339	1
332	343	1
332	349	1
332	360	1
332	362	1
332	371	8
332	372	8
333	337	1
333	339	1
333	359	1
333	360	2
333	361	1
334	335	25
334	336	1
334	337	2
334	341	1
334	355	1
334	360	2
334	361	1
334	366	1
334	373	1
334	374	5
334	385	3
334	386	3
334	388	1
334	394	4
334	398	33
334	399	8
334	403	1
335	337	4
335	366	1
336	337	2
336	354	1
336	358	2
338	339	38
338	340	11
338	341	3
338	342	3
338	343	1
338	344	3
338	345	4
338	348	12
338	349	3
338	355	1
338	358	2
338	366	1
339	340	28
339	341	2
339	342	9
339	344	4
339	347	2
339	348	25
339	349	8
339	352	2
339	358	4
339	364	1
339	366	1
339	371	1
340	341	2
340	342	6
340	343	32
340	344	2
340	348	3
340	349	21
340	353	1
340	354	1
340	366	5
340	367	1
340	371	1
340	376	1
340	378	1
340	381	1
341	342	1
341	348	3
341	349	1
342	343	2
342	349	11
343	350	1
343	354	1
343	366	14
343	367	1
343	401	2
344	345	68
344	346	9
344	347	10
344	350	10
344	351	4
344	353	19
344	354	9
344	355	21
344	356	4
344	357	5
344	358	22
344	363	1
344	364	1
344	373	1
344	384	38
344	385	3
344	386	1
344	387	2
344	390	5
344	393	11
344	399	1
345	346	4
345	347	6
345	355	6
345	356	1
345	357	2
345	358	4
345	368	1
345	370	2
345	377	1
345	384	17
345	385	1
345	393	1
346	347	3
346	350	3
346	353	5
346	354	3
346	355	33
346	356	3
346	357	4
346	358	3
346	363	3
346	364	2
346	365	1
347	350	13
347	351	5
347	353	2
347	354	3
347	355	8
347	356	12
347	357	19
347	358	13
347	360	1
347	363	4
347	364	4
347	367	1
347	370	1
348	366	1
348	367	1
350	351	3
350	353	2
350	354	4
350	355	3
350	356	9
350	357	5
350	358	11
350	364	1
351	354	1
351	355	2
351	356	3
351	357	2
351	358	12
351	363	1
352	355	1
352	358	1
352	359	6
352	360	5
352	361	3
352	362	26
352	366	2
352	367	1
352	370	1
353	354	46
353	355	12
353	356	7
353	357	7
353	358	3
353	362	2
353	363	1
353	364	3
353	368	2
354	355	8
354	356	7
354	357	3
354	358	5
354	364	2
355	356	12
355	357	10
355	358	5
355	360	1
355	364	5
355	365	1
355	368	2
356	357	11
356	358	11
356	363	1
357	358	11
357	362	1
357	364	3
358	361	1
358	362	1
358	363	1
358	364	5
358	368	1
358	373	2
358	375	1
358	378	3
358	379	2
358	384	1
359	360	15
359	361	27
359	362	2
360	361	17
360	362	5
360	366	1
361	362	3
362	366	2
365	366	1
365	370	1
366	377	1
366	385	1
366	387	1
366	391	12
366	395	60
366	399	1
366	405	2
366	406	2
366	407	3
368	370	1
368	375	1
370	377	1
370	383	1
370	387	1
370	392	1
370	401	1
370	402	1
370	406	1
371	372	86
371	375	1
371	399	1
372	373	1
372	399	1
373	374	127
373	378	1
373	379	1
373	380	1
373	385	1
373	387	2
373	388	1
373	398	2
373	402	1
373	407	1
374	376	1
374	378	4
374	379	2
374	384	2
374	388	1
374	398	5
374	399	1
375	376	8
375	377	13
375	378	16
375	379	12
375	380	4
375	381	4
375	382	1
375	383	8
375	385	2
376	377	14
376	378	12
376	379	17
376	380	11
376	381	4
376	382	4
376	383	16
377	378	7
377	379	8
377	380	10
377	381	1
377	382	3
377	383	11
377	385	1
377	386	1
377	388	20
377	392	23
378	379	8
378	380	7
378	381	3
378	383	5
378	385	1
379	380	13
379	381	5
379	382	1
379	383	8
380	381	6
380	382	1
380	383	8
381	383	4
382	383	4
383	388	1
384	385	2
384	388	1
384	390	1
384	393	4
384	399	1
385	386	182
385	388	2
385	392	1
385	394	1
385	399	1
386	388	4
386	394	2
386	399	1
386	403	3
386	409	2
388	389	4
388	391	1
388	392	17
388	398	4
388	399	4
388	402	2
388	403	35
388	406	3
388	407	1
388	408	1
388	409	1
390	393	3
392	394	2
392	398	1
392	401	1
395	407	1
396	397	8
396	398	1
396	399	1
396	404	1
398	399	3
398	401	2
398	402	2
398	403	3
398	406	1
398	407	2
399	400	45
399	403	7
399	407	4
399	408	1
399	409	1
400	405	1
400	407	2
401	402	36
401	404	1
402	403	5
402	405	2
402	406	1
403	404	18
403	406	1
403	407	3
403	409	2
404	405	1
405	406	15
406	407	2
